[[ 0.28790611  0.07637856  0.00691071]
 [ 0.28627478  0.14287217  0.00691071]
 [ 0.31042279  0.03367846  0.03656191]
 [ 0.27162639  0.14821095  0.06707276]
 [ 0.33609953  0.00930965  0.07484928]
 [ 0.29285266  0.14201344  0.11282915]
 [ 0.34996173  0.0119045   0.08092922]
 [ 0.31128686  0.14861582  0.13700628]
 [ 0.17600216  0.04838803  0.00624598]
 [ 0.16070122  0.10394068  0.0075827 ]
 [ 0.09124524  0.00956603  0.02189089]
 [ 0.07865647  0.07919996  0.0197078 ]
 [ 0.00649536 -0.04928006  0.00728299]
 [-0.02575857  0.04922209 -0.01200247]
 [ 0.00528016 -0.05029374  0.02493317]
 [-0.03240362  0.05986815  0.01210876]]