[[ 0.28539832  0.08734623 -0.01659234]
 [ 0.28304257  0.15639263 -0.01659234]
 [ 0.30658492  0.04605617  0.01627214]
 [ 0.27194884  0.1612682   0.0443878 ]
 [ 0.33568199  0.02729773  0.05422686]
 [ 0.29621263  0.1541838   0.08725629]
 [ 0.35167134  0.03159747  0.05896402]
 [ 0.31613168  0.16145529  0.10850204]
 [ 0.17337371  0.05871311 -0.01738828]
 [ 0.15631248  0.11561612 -0.01568406]
 [ 0.09115559  0.01622186  0.02137535]
 [ 0.07723184  0.08366091  0.01160534]
 [ 0.00763034 -0.04461049  0.01210426]
 [-0.02669836  0.04336699 -0.01554728]
 [ 0.00869906 -0.04529733  0.03157397]
 [-0.0311013   0.05336426  0.010284  ]]