[[ 0.31401803  0.05185055  0.02433291]
 [ 0.31270794  0.1287818   0.02433291]
 [ 0.30686363  0.03327542  0.06196614]
 [ 0.27163875  0.11665818  0.07638451]
 [ 0.32066155  0.03986715  0.09442504]
 [ 0.28986686  0.11524408  0.12207509]
 [ 0.32518043  0.05096229  0.10328888]
 [ 0.31128871  0.10374341  0.13589273]
 [ 0.18686414  0.02821034  0.01435692]
 [ 0.17538061  0.07529712  0.03349427]
 [ 0.09146331 -0.01921074  0.02744759]
 [ 0.08382848  0.06445927  0.04627386]
 [ 0.00897714 -0.06533398 -0.01524457]
 [-0.02486518  0.06483386  0.0190402 ]
 [ 0.00570493 -0.08185716 -0.00654764]
 [-0.03447954  0.06951193  0.03588126]]