[[ 0.313722    0.05406603  0.02116615]
 [ 0.3118953   0.1307797   0.02116615]
 [ 0.30581414  0.0360137   0.05678796]
 [ 0.27241433  0.12004443  0.07112624]
 [ 0.32124998  0.04214367  0.08746356]
 [ 0.29207203  0.11987038  0.1161552 ]
 [ 0.32662426  0.05234709  0.09646896]
 [ 0.31401531  0.10905942  0.12998337]
 [ 0.1864629   0.03049247  0.01115101]
 [ 0.17488829  0.07744325  0.03037478]
 [ 0.09115475 -0.01872277  0.02611663]
 [ 0.08278436  0.06590293  0.0453487 ]
 [ 0.00944669 -0.0652905  -0.01429402]
 [-0.02517585  0.06462721  0.01813318]
 [ 0.00582605 -0.08279328 -0.00625028]
 [-0.03624224  0.06881591  0.0337413 ]]