[[ 0.31681409  0.05260838  0.01912308]
 [ 0.31706192  0.12830391  0.01912308]
 [ 0.30716458  0.03465315  0.04989155]
 [ 0.27647934  0.12196401  0.06404065]
 [ 0.32182069  0.04160989  0.07954313]
 [ 0.29366719  0.12124299  0.1037582 ]
 [ 0.32667871  0.05231598  0.0880701 ]
 [ 0.31413642  0.10951327  0.11714665]
 [ 0.18835773  0.02925199  0.00912432]
 [ 0.17721059  0.07567069  0.0283101 ]
 [ 0.09061525 -0.01821618  0.02555932]
 [ 0.08548892  0.06487931  0.04376599]
 [ 0.00752648 -0.06608696 -0.0128246 ]
 [-0.02338619  0.06612386  0.01674732]
 [ 0.00438049 -0.08248063 -0.00467641]
 [-0.03297713  0.07099663  0.03162615]]