[[ 0.24552002  0.04299102 -0.13851441]
 [ 0.24586618  0.11278962 -0.13851441]
 [ 0.2762363   0.00220709 -0.10347339]
 [ 0.27380554  0.10979398 -0.05458108]
 [ 0.32644545 -0.03166698 -0.07006719]
 [ 0.34506822  0.09681985 -0.02117798]
 [ 0.34925084 -0.03308477 -0.067667  ]
 [ 0.38586475  0.10163294 -0.0038655 ]
 [ 0.10575186  0.00305645 -0.14255008]
 [ 0.08858032  0.08176496 -0.1348566 ]
 [ 0.13143292  0.00280722 -0.02273514]
 [ 0.10527416  0.10663898 -0.01739494]
 [ 0.00793445 -0.05557535  0.00306065]
 [-0.02717319  0.05268419 -0.0015627 ]
 [ 0.02147804 -0.06431261  0.02744284]
 [-0.01756617  0.05393016  0.03184685]]