[[ 0.24786275  0.02937418 -0.13729846]
 [ 0.24446233  0.10354401 -0.13729846]
 [ 0.28696795 -0.01249311 -0.09414458]
 [ 0.27410484  0.10625581 -0.05105617]
 [ 0.33193516 -0.04606079 -0.05418005]
 [ 0.34330161  0.09450673 -0.01580623]
 [ 0.35327062 -0.04702935 -0.05082129]
 [ 0.38566844  0.10118192  0.00222074]
 [ 0.09918634 -0.01313332 -0.13945839]
 [ 0.07990341  0.07052654 -0.13540302]
 [ 0.13707855 -0.00224157 -0.02324319]
 [ 0.10483461  0.10206215 -0.02167779]
 [ 0.01179597 -0.05739196  0.00881307]
 [-0.03055951  0.05502812 -0.00747499]
 [ 0.02761954 -0.0653717   0.03217244]
 [-0.01828292  0.05707484  0.02659002]]