[[ 0.24015525  0.02178134 -0.14399364]
 [ 0.23673333  0.1059312  -0.14399364]
 [ 0.27649991 -0.01846387 -0.09183865]
 [ 0.26391842  0.09223537 -0.04664564]
 [ 0.33584807 -0.0472983  -0.05308627]
 [ 0.34459228  0.0747149  -0.01134672]
 [ 0.36380788 -0.04705589 -0.05155721]
 [ 0.39346271  0.08248676  0.0067851 ]
 [ 0.08661206 -0.021878   -0.1484881 ]
 [ 0.06112033  0.06475157 -0.13991288]
 [ 0.14760575 -0.01094713 -0.03624444]
 [ 0.10451584  0.11458042 -0.02212242]
 [ 0.01473052 -0.05985745 -0.00285961]
 [-0.03473327  0.05938822  0.00586931]
 [ 0.0297382  -0.06694367  0.0251212 ]
 [-0.01947871  0.06564262  0.0424561 ]]