[[ 0.31543934  0.05535531  0.02015775]
 [ 0.31346599  0.13245004  0.02015775]
 [ 0.30656878  0.03782461  0.05437307]
 [ 0.27174538  0.12141891  0.06808733]
 [ 0.3197695   0.04402486  0.0856009 ]
 [ 0.29308005  0.12239439  0.10977171]
 [ 0.32389244  0.05388316  0.0944179 ]
 [ 0.31579108  0.11269121  0.12333019]
 [ 0.18713166  0.03148876  0.01050623]
 [ 0.17499582  0.0789394   0.02899682]
 [ 0.09052776 -0.01707982  0.0254793 ]
 [ 0.08343346  0.06678606  0.04426948]
 [ 0.00967733 -0.06569764 -0.01338882]
 [-0.02568901  0.06526127  0.01747851]
 [ 0.00535852 -0.08289618 -0.00548241]
 [-0.0365088   0.07046512  0.03230204]]