[[ 0.31793739  0.05128664  0.02106709]
 [ 0.31509469  0.1285821   0.02106709]
 [ 0.31035265  0.03234405  0.05629444]
 [ 0.27129653  0.11771544  0.06919991]
 [ 0.32093717  0.03906621  0.08905193]
 [ 0.28896449  0.11725281  0.11368138]
 [ 0.3240626   0.0501887   0.09866993]
 [ 0.31086963  0.10592134  0.128164  ]
 [ 0.18927882  0.02726222  0.01086426]
 [ 0.17735187  0.07508154  0.03041938]
 [ 0.09240591 -0.02106612  0.02592178]
 [ 0.08473391  0.06499763  0.04602505]
 [ 0.00892898 -0.06673186 -0.0152933 ]
 [-0.025039    0.06662384  0.01918678]
 [ 0.00503777 -0.0836718  -0.00656577]
 [-0.03542936  0.07028873  0.03557514]]