[[ 0.31503234  0.0572737   0.01837206]
 [ 0.31437862  0.13498202  0.01837206]
 [ 0.30412678  0.03889161  0.05078573]
 [ 0.27461642  0.12595776  0.06670455]
 [ 0.31798588  0.04524099  0.08133404]
 [ 0.29398533  0.1244619   0.1096448 ]
 [ 0.32223169  0.05572258  0.09003997]
 [ 0.31534578  0.11292644  0.12348218]
 [ 0.18804004  0.03337457  0.00885167]
 [ 0.17584778  0.08091931  0.02706962]
 [ 0.09118055 -0.01591618  0.02581094]
 [ 0.08441182  0.06867833  0.04323062]
 [ 0.00908008 -0.06525242 -0.01211697]
 [-0.02525437  0.06488174  0.01632272]
 [ 0.00506866 -0.0814652  -0.00284849]
 [-0.03590281  0.0704377   0.03170041]]