[[ 0.31414823  0.05733058  0.01841869]
 [ 0.31278295  0.13459172  0.01841869]
 [ 0.30607577  0.04192177  0.05255871]
 [ 0.27568945  0.12831904  0.06683764]
 [ 0.32098825  0.04593847  0.08123545]
 [ 0.29363131  0.12397139  0.1076209 ]
 [ 0.3250914   0.0550547   0.08945052]
 [ 0.31423035  0.11035055  0.1198219 ]
 [ 0.18555952  0.033509    0.0084787 ]
 [ 0.1744637   0.08097462  0.02754713]
 [ 0.08996594 -0.01647493  0.02576405]
 [ 0.08398337  0.06713416  0.04461948]
 [ 0.00908861 -0.06431015 -0.0154726 ]
 [-0.02466067  0.06371234  0.01950515]
 [ 0.00553404 -0.08060901 -0.0071069 ]
 [-0.03550495  0.06924442  0.03537493]]